15 16 17 18 19 20 21 22
18 20
20
20
22
18 20
17
18
21
20
18
20
16 20
18
20
16
18
20
20
20
20
20
21
22
20
15
16 20
15 16 18 20 22
17 20
20
19
16 22
20
16
20
15 16 17 18 19 20
16
20
20
16 17
16
16
21
18
20
18
19
15 16 17 18 19 20 22
16
15
16 18
15 16 20
15 16 17 18 19 20 22
16
15 16 17 18 19 20 21 22
22
20
19
15 19 20
19 20
16 20
15 16 17 18 20
15 16 18 19 20 22
16 20
20
16 20
20
16 18 20
16
16
15 16 18 19 20 21 22
15
20
19
17 20
15 16 18 19 20 22
16 20 21
19 20
20
16
16
20
15 16 17 18 20 21 22
20
20
18
16
18
20
22
20
16
16 20
20
15 16 18 20 21 22
20
16
20
16 20
15
18 20
15
20
15
20
16
18 20
20
22
15 20
22
16
16
20
20
16
15
20
16
16 17 18 19 20 21
19
20
17
15 16 17 18 19 20 21 22
20
16 18 20
16
18
20
16
16
16
19 20
20 22
20
16
20
15 16 20
15 16 17 18 19 20 21 22
20
15 20
16
16
16
16 20
20 22
16 18 20
16
18 20
22
19
20 22
16
20
16
16 20
16
16
15
16 19
18
15
15 16 19 20
20
15 16 18 20
17
16 19 20
15
19
16
20
15 20
16
16
20
16 19
20
16
15 16 20 22
15
17 20
16
16 20 22
16
15 16 17 20
20
20
17
18 20
20
15 16 18 19 20
16 20
20
22
18
16
16 18
16
18
20
18
15 16 22
20
16
18
15
16
16
20
22
16 18 20 22
16
16 20
20
16
15 16 17 18 19 20 21 22
16
15 16 18 19 20 22
15 16 17 20
22
15 20
15 16 18 19 20 21
15 17 20 21 22
16 20
17
15 20
20
22
16
16
15
20
17 20
22
15 20
15
16
18 20
20
20
20
19
16
16 19 20
19
22
19
19
16
16
15 16 20
16
20
15 17 19 20
19
16
16
20
17 20
16 20
16
20
22
18
19
16
20
15
16
22
15 16 17 18 19 20 21 22
15 16 18 19 20 22
15 19 22
20
18
20
19
20
16
16
20
18
16
17
16 18
19
18
15 16 21
16
15
20
18
19
16 22
20
16 20
16
16
20
16
16
16
20
17
16
16
20
18
16
16 18 20
20
16
16
20
20
20
20
18
18
16
19
15
20
20
19
16
15 18
16 18 19 20
16
16
16
20
17 20
20
20
16
15 20
18
19
19
16
16
20
16
16
17
15 16
16 22
22
16
15
22
20
16
16 20
20
16
16
17
20
20
20
20
15
20
18
20
20
16 17 18 19 20 22
15 18
15 20
20
15 16 19
20
16
20
16
15
15 19 20
16 18 20 21 22
15 16
16 18 19 20
16 20
20
16 20
16 17 20
16
22
16
20
20
20 21
20
20
16
20
19
17 20
16
20
20
16
17
16 17 18 20
18
20
16
20
20
20
18 20
15 20
20
16
16
20
18
15 20
22
15
22
15 16 18 20 21 22
22
15
18
16 20
20
15 20
19
15
16
19 20 21
20
16
20
16 20
18
19
19
15
15
16 22
20
16
15
16
20
15 16 17 18 19 20 21 22
18 20
17 20
20
16 18 20
16 19
16
20
16 19 20
16 18 20 21 22
16
16
16
15 16 20
16
20
16 20 22
16
20
16
16
20
16 20
20
20
20
16
16
17
20
15 16 20
20
16 17 20
16
16 17
19
16 19
15 16 22
20
20
20
22
19
19 20
19
16
16
20
16
16
15 16 19 20
16
20
20
19 20 21
20
22
15 16 20
18
15
16 20
18
16
16
16
16
16
15 20
19 20
15 16 17 18 19 20 21 22
20
16
16
16 20 21
16
20
20
18
16 19 20 22
16 20 22
16
16 20
21
22
15
20
16
20
20
16 19 20
16 17 18 20 21
20
16 19 20
16
20
20
15 20
16
20
16
16
16
20
15
15 16 17 18 19 20 21
17 18 19 20 22
20 22
16
20
16 20
19
20
16 20
16 17 22
15 16 22
20
16
16
16 18 20 21
16
16
16 20 22
19 20
20
16
16
16
17
16 20 22
18 20
18
20
20
22
16
19
20
16
20
16 19 20
22
16
15 16
15 20
15 16
16
22
15 18 20
18 19
19
15
18
22
16
18 20
16
20
15 16 18 20
19
18 20
16
16
20
16 19 20
15
19
15
16
16 20
15 16 17 20
15
15
20
20
20
22
16
20
17 20
17
20
15 16
17 19
19
15
22
15 16 17 18 19 20 21 22
16
20
20
15 16 20
16 17 20
17
22
20
20
16
16 19 20 22
15
16 20
15 18
20
15
15
16
18
20
16 20
16 20
20
16 20 22
15 16
15 16 17 18 20 22
16
20
15 16 20 22
20
20
21
20
15
20
20
16
17
16 20
18
19
18
22
16
22
16
20
15
16 20
16 18 20
15
20
22
16 18 19 20 21
19
16
20
20
16
16 18 20 21
15 20
16 20
20
15 16
20
20
16
15 16 17 18 19 20 22
15 16 17 20
18
19
16
15 16 22
16
15 16 18 19 20
15 16 17 18 19 20 21 22
19
20
16 19
19 20
16
18 19 20
16 20
17 20
16 20 21
20
17 20
20
16
20
22
16
16
20
17
20
20
16
22
16
20
16 19
16
16
20
15 22
18
15 16 18 20
17
16 20
16
15 16 20
20
16 18 20 22
15 18 20
20
20
16
16
16 18 22
15 16 20
20
17
22
20
22
20
15 19 20
16 18 20 21
16 20
17 20
15 16 19 20 21
15 16 17 18 19 20 21 22
16 19
16
15 16 17 18 19 20 22
15 16 17 20
15
15 16 17 18 20 22
15 16 20 22
16
15
15 16 18 20
20
16 20
15
18 19 20 22
19
20
20
20
16
18
16 20
15 16 18 19 20 22
22
16
22
15 16 18 19 20 21 22
20
22
15
20
16
16 20
15 16 17 19 20 21 22
15 16 20 22
15
20
15 16 17 19 20 21 22
16
16
22
19
16 17 18 20
20
22
20
20 22
20 21 22
18 19
16 18 20
18 20
16
19 20
22
22
20
18 22
15 16 18 20 21 22
15 16 18 19 20 22
16
19
20
20
20
20
15
20
19
15
18 19 20 21
18
18 20 21
22
15 16 17 18 19 20 21 22
15 16 17 18 19 20 21 22
15
18
22
16
16 17
20
17
20
18
16
20
15 16 17 18 19 20 22
20
20
16 19
16
16
20
20
20
20
16 20
20
20
20
20
22
21
19 20
15
20
17
16
16
16
18
16 18 19 20 22
16
15 16 17 18 19 20 22
16
16
15 16 17 18 19 20 21 22
16
16 20
15
18
16
19
16
16 18 19 22
15
15 16 19 20 21 22
15
20
19
20
16
19
15 20
20
20
16 17 20
16 20
20
15 21
17
20
18
19 20
16
16
20
16 22
22
16
15 18 20
20
15 16 17 18 19 20
21
16
18 20
18
16 19
18
19
20
20
16 20
20
20
15
15
19 22
16 17 20
20
20
20
20
19 20 22
18
16 20
16
15
16 20
20
20
16
15 16 20 22
20
20
15
16
17
16 19 20
15 16 20
15 16 17 18 19 20 21 22
16 18 20
20
18
20
16
16 18 20
20
16 17 19 20
20
16
15
15 16 18 19 20 22
15
20
20
16
18
20
22
16
16
18 20 22
16 18 19 20
16
16
15 16 17 18 19 20 21
20
20
16
16
20
16
20
15 16 17 18 19 20 22
20
20
16 18 19 20 21
16
16 18 19 20 21 22
16 20
20
15
15 17 20
15 16
20 22
16 18 20 22
16 20 22
18
16 20
16
20
15
20
20 22
16 18
15 16 17 19 20
16 20
16 22
16
16
20
20
15 16 20 21 22
16 18 20
16 20
16 19
20
16 18 19 20 22
18
20
18
18
16
16 17 19 20 22
16 20
16
16 20
16
19 20
16
15
15 16 22
15 19
15
16 19 22
15 16 19 20
20 21
15 16 17 18 19 20 21
16
16 19
19
15 16 20
16 20
16 18
19
22
15 18 19 20
20
16
19
19
15 16 17 18 20 21
20
15
15 16 17 18 19 20 21
15 16
20
17 19 20
16
20
16 22
16
16 20
20
16 20 22
16
16
15 16
20
18
16
15
18
16 18 20
15 16 18 20
16
16
16
18 20
16
16 20 22
16
20
17
15
16
22
20
16 20
18
15 16 17 19 20
19
15
15
16
16
20
22
22
19
15 16 17 18 19 20 21
16 20 22
17
16 17 18 20 21
19
16 22
20
22
16
16
15 16 17 19 20
22
20
16
16 22
22
16 18 19 20
22
15 16 17 18 19 20 21 22
16 18 20
15 20 22
15
17
16 20
16 17
15 16 19 20
16 22
16 18
20
20
18
19
18 20
19
22
19 20
16 18 20 21
15 16 17 18 19 20 22
16 20
15 16 22
15 16 20 21 22
15 16 17 18 19 20 22
18 20
20 22
20
15 16 19 20 22
15 16 18 20 22
20
15 16 17 18 19 20 22
16 22
18
15 16 20
16
16
15 16 18 19 20
15 16 19 20 21 22
17 20
16
20
18
16
19
15 16 17 18 19 20 21 22
18 20
20
20
20
20
20
20
15
20
17
15 16
15 16 20 21 22
15 16 17 18 19 20
20
15 16 19 20 22
16 18 19 20
16
20
16
19 20
20
15 16 20 22
16
22
15
16
15 16 18 19 20
20
15 16 18 20 21 22
20
15 16 17 18 19 20 21 22
21
20
21
16
16 20
20
16
16
15 16 18 20
16
18 20
16 20
20
16
20
16
16
16
20
18
19
15 16 18 20
16
19
16 20
20
20
15 16
16 19
20
22
16 20
19
16 17 20
16
20
20
16
16
20
20
20
16 18
22
22
20
20
16
16
16
16
20 22
20
20
20
20
18 19 20
15
19 20
19
16 19
16
16 20
20
16 18 20
16
16
20
22
15
16 19 20
19
16
16 18 19 20 21
20
22
17 20
20
16 20 22
16
18
16 19
18
16 17 18 19 20 21 22
15 18 20
17 20
22
20
15
20
19 20 22
20
16
16 18
16 20
20
20
20
18
22
19
15
16
20
20
16
20
20
20
20
15
17
16 19
20
20
16
18
16
20
18
15 16 18
20
16 20
20
18
16 20
18
16 20
20
16 20
20
18
20
16 20
19
16
18 20
20
22
20
22
16
20
20
20
19
16 22
16
19
20
16 20
16
16
20
18
20
16 20
20
15 16 17 19 20 22
15
15
20
20
16 20
20
20
15
16
16
18
20
20
16
20
17
18
16
20
20
16 18 20
20
22
20
18 20
20
16
17 20
15
15 16
18 22
15
20
15
15
16
16
16 20
20
16
20
15 16 20 21
21
16
16
20
16
20
20
16 20
19
16 20
20
20 22
20
15 16 18 19 20 21 22
20
16 20
15
20
15
15 17
16 20
20
15 16 18 20
16
15
20
22
16 20
19
16 22
15 16 19 20
15
16
19 20
20
16
16
15
16
20
20
18
15
16
20
20
19
15 16 22
20
15 16
20
16
20
16 20
18
15 16 17 18 20 21 22
15 16 20
17
16
16
16
20
20
18
18 20
15
20 21
20
16
20
15
16
19
19
20
20
19 20
16
16 22
17
15 16 17 18 19 20 21 22
20
20
16
20
15 16 19 20 22
20
15
22
15
16
16
19
15 16 19 20 22
15
20
16
15 16 18 19 20 21
15
16 20
22
16
16
19
15 17 20 21
16 18 20
16
17 22
15
16 20 21
22
16
19 22
16
16
16 17 20
20 22
19
19 20 21
19
20 22
15
16 20
16
22
20
20
20
20
22
22
15
16
19
16
15 16 17 18 19 20 21 22
16
17 20 22
20
22
20
16
15 16 18 19 20 22
16 19 20
20
16
20
18
16 18 20 22
18 20 22
16 20 22
16 22
17
15 16 17 18 19 20 21
17
16
18
15
16
16 18 20
20 22
15 16 20
16
16 19 20 22
16
16
16 19 20 22
20
20
16 17 18 20
16 20
18 20
20
16 22
22
16
22
18
15
16 18 20 22
22
20
15
20
20
19
19
20
16 22
15 20
20
20
16
17
22
16
20
18
18
20
15
16
16 20
16
16 18 19 20 22
20
15
20
16
20
19
16 20
16
15
16
16
16
15 16 17
16
20
20
16
20
20
15 16 18 20 21 22
21
16 20
16
16 19 22
22
16
17 20
15
15
20
19
15
16 20
15 16 18 20
20
20
20
19
16 20 21
20
20
15 16 20
20
20
15
15 16 17 18 19 20 21 22
16 19
20
16 20
20
20
22
16
16
15 16 18 19 20
15 16 18 20
21
20
15 16 17 18 19 20 21 22
15 16 17 18 19 20 21 22
15 16 17 18 19 20 22
16 20 22
15 16 18 19 20 21 22
16 20
15 16 17 18 19 20
15 16 18 19 20 22
16 17 18 19 20 22
16 20
15 16 17 18 20
16 18 19 20 21 22
22
15
20
20
18 19 20
18 19 20
16 20
15
16 17 18 19 20 21 22
22
20
20
16 20
15 16 17 18 19 20 21 22
16 20
16 20
16 18
15 16 18 20
16
16 20
16 20
20
16
16 18 19 20
15
15 16 19 20
20
15
15 16 18 20
16 18 20
16 17 20
16 20
15
15 16 17 18 19 20 21 22
16 18 20
16 20
16 20
15 16 18 19 20 21
19
20
16
15
16
15
16 20 22
22
18 20 22
17
18
20
18
16
16
16
19
22
20
15
16 20
18
19
20
15 16
22
16
20
16
22
15 16 18 20 22
19
22
20
16 20
15 16
20
15 16 18 19 20 22
20
16
15
16
16
18
20
16 18
20
20
20
16
15 16 18 19 20
20
16
20
20
16
16 19 20
15
20
16
20
22
16
15 16 20
16
16
16
16 20
16
22
16 18
18 20
16
15 19 20
15 16 18 19 20 21 22
19 20
20
20
15 16 17 18 19 20 22
16 18 20
15
20
15
16
16 20
20
16
16
16
16 20
15 16 17 18 19 20 21 22
16
16
15 16 19 20
16
22
20
16
16 20
15
16
16
16
20
19
16 18 20
20
18 20
22
22
20
18 19
22
22
16 22
15
21
15 16 19 20
18
16
20
16
19
15 16 18 19 20 21 22
20
16 19 20
22
15
16 18 20
16
22
20
16 20
16 20 21 22
15 16 17 18 19 20 21 22
15 19 20
18
20
15 16 18 19 20 22
15 16 18 19 20 22
15 16 20 21 22
20
20
20
20
15 16 20
16 18 20 21 22
16 19
16 20 22
16
15 16 20 22
18 19
16 18 20
16 18 20
15 18 19 20 22
16
16 19 20
16 22
15
15 16 17 18 19 20 21 22
22
15 19 20
16
16 22
15
15
15
20
20
16
16 18 20
16
19 20
15 16 17 18 19 20 21 22
15 16 18 20
18 20 22
20
16
22
20
20
19 20
19
16
17
15
16
20
16 19 20 22
16 18 19 20
18
16
16 19 20
16
20
15 16 18 20 21 22
20
16
20
16
15
20
20
20
20
20
20
15 16 20
19
20
15 20
15 16 19 20
16 17 18 19 20 22
17 20
18
16
15 16 18 19 20 21 22
16 18 20 22
15 16 18 19 20 21 22
16 20
16
16 18 20 21
22
